font: 5x7 printable ASCII
version: 2
date: 2024-03-10
author: awesome-llama
notes: None

!CHARACTER_LOOKUP:
105
112
119
136
155
186
217
254
285
298
315
332
357
376
389
402
413
426
455
470
493
530
547
574
603
618
663
692
707
724
739
758
773
798
833
858
889
914
937
960
981
1010
1035
1060
1079
1106
1121
1140
1157
1184
1207
1240
1269
1302
1321
1342
1357
1376
1395
1416
1433
1450
1463
1480
1495
1508
1521
1546
1569
1594
1617
1644
1665
1694
1717
1734
1753
1778
1793
1822
1841
1868
1891
1914
1931
1956
1977
1996
2011
2030
2049
2076
2093
2116
2129
2152
!CHARACTER_DATA:
char_
index_0
1
6
===
0
...
char_ 
index_1
1
6
===
0
...
char_!
index_2
1
16
===
2
---
1
0
6
0
2
---
0
0
0
...
char_"
index_3
2
18
===
2
---
1
2
6
2
5
---
1
0
6
0
5
...
char_#
index_4
4
30
===
4
---
1
0
4
4
4
---
1
4
2
0
2
---
1
3
6
3
0
---
1
1
0
1
6
...
char_$
index_5
4
30
===
2
---
7
4
5
1
5
0
4
1
3
3
3
4
2
3
1
0
1
---
1
2
6
2
0
...
char_%
index_6
4
36
===
3
---
4
3
0
2
1
3
2
4
1
3
0
---
4
1
4
0
5
1
6
2
5
1
4
---
1
4
6
0
0
...
char_&
index_7
4
30
===
1
---
10
4
0
0
4
0
5
1
6
2
5
2
4
0
2
0
1
1
0
2
0
4
2
...
char_'
index_8
1
12
===
1
---
1
0
6
0
5
...
char_(
index_9
2
16
===
1
---
3
2
0
0
2
0
4
2
6
...
char_)
index_10
2
16
===
1
---
3
0
6
2
4
2
2
0
0
...
char_*
index_11
2
24
===
3
---
1
1
6
1
3
---
1
0
5
2
4
---
1
0
4
2
5
...
char_+
index_12
4
18
===
2
---
1
2
5
2
1
---
1
0
3
4
3
...
char_,
index_13
1
12
===
1
---
1
1
1
0
0
...
char_-
index_14
4
12
===
1
---
1
0
3
4
3
...
char_.
index_15
1
10
===
1
---
0
0
0
...
char_/
index_16
4
12
===
1
---
1
4
6
0
0
...
char_0
index_17
4
28
===
1
---
9
0
1
0
5
1
6
3
6
4
5
4
1
3
0
1
0
0
1
4
5
...
char_1
index_18
1
14
===
1
---
2
0
5
1
6
1
0
...
char_2
index_19
4
22
===
1
---
6
0
5
1
6
3
6
4
5
4
4
0
0
4
0
...
char_3
index_20
4
36
===
2
---
1
2
3
3
3
---
10
0
5
1
6
3
6
4
5
4
4
3
3
4
2
4
1
3
0
1
0
0
1
...
char_4
index_21
4
16
===
1
---
3
3
0
3
6
0
2
4
2
...
char_5
index_22
4
26
===
1
---
8
4
6
0
6
0
4
3
4
4
3
4
1
3
0
1
0
0
1
...
char_6
index_23
4
28
===
1
---
9
0
3
3
3
4
2
4
1
3
0
1
0
0
1
0
5
1
6
3
6
...
char_7
index_24
4
14
===
1
---
2
0
6
4
6
0
0
...
char_8
index_25
4
44
===
2
---
1
1
3
3
3
---
14
0
1
0
2
1
3
0
4
0
5
1
6
3
6
4
5
4
4
3
3
4
2
4
1
3
0
1
0
0
1
...
char_9
index_26
4
28
===
1
---
9
4
3
1
3
0
4
0
5
1
6
3
6
4
5
4
1
3
0
1
0
...
char_:
index_27
1
14
===
2
---
0
0
5
---
0
0
1
...
char_;
index_28
1
16
===
2
---
1
1
1
0
0
---
0
1
5
...
char_<
index_29
3
14
===
1
---
2
3
5
0
3
3
1
...
char_=
index_30
4
18
===
2
---
1
0
4
4
4
---
1
0
2
4
2
...
char_>
index_31
3
14
===
1
---
2
0
5
3
3
0
1
...
char_?
index_32
4
24
===
2
---
5
0
5
1
6
3
6
4
5
4
4
2
2
---
0
2
0
...
char_@
index_33
4
34
===
1
---
12
4
1
3
0
1
0
0
1
0
5
1
6
3
6
4
5
4
3
2
2
1
3
2
4
3
3
...
char_A
index_34
4
24
===
2
---
1
0
3
4
3
---
4
0
0
0
3
2
6
4
3
4
0
...
char_B
index_35
4
30
===
1
---
10
0
3
3
3
4
2
4
1
3
0
0
0
0
6
3
6
4
5
4
4
3
3
...
char_C
index_36
4
24
===
1
---
7
4
1
3
0
1
0
0
1
0
5
1
6
3
6
4
5
...
char_D
index_37
4
22
===
1
---
6
0
0
0
6
2
6
4
4
4
2
2
0
0
0
...
char_E
index_38
4
22
===
2
---
1
0
3
3
3
---
3
4
0
0
0
0
6
4
6
...
char_F
index_39
4
20
===
2
---
1
0
3
3
3
---
2
0
0
0
6
4
6
...
char_G
index_40
4
28
===
1
---
9
2
3
4
3
4
1
3
0
1
0
0
1
0
5
1
6
3
6
4
5
...
char_H
index_41
4
24
===
3
---
1
0
3
4
3
---
1
4
0
4
6
---
1
0
0
0
6
...
char_I
index_42
2
24
===
3
---
1
0
0
2
0
---
1
0
6
2
6
---
1
1
0
1
6
...
char_J
index_43
4
18
===
1
---
4
4
6
4
1
3
0
1
0
0
1
...
char_K
index_44
4
26
===
3
---
2
0
3
1
3
4
0
---
1
1
3
4
6
---
1
0
0
0
6
...
char_L
index_45
4
14
===
1
---
2
0
6
0
0
4
0
...
char_M
index_46
4
18
===
1
---
4
0
0
0
6
2
3
4
6
4
0
...
char_N
index_47
4
16
===
1
---
3
0
0
0
6
4
0
4
6
...
char_O
index_48
4
26
===
1
---
8
0
1
0
5
1
6
3
6
4
5
4
1
3
0
1
0
0
1
...
char_P
index_49
4
22
===
1
---
6
0
0
0
6
3
6
4
5
4
4
3
3
0
3
...
char_Q
index_50
4
32
===
2
---
1
4
0
2
2
---
8
0
1
0
5
1
6
3
6
4
5
4
2
2
0
1
0
0
1
...
char_R
index_51
4
28
===
2
---
1
1
3
4
0
---
6
0
0
0
6
3
6
4
5
4
4
3
3
0
3
...
char_S
index_52
4
32
===
1
---
11
4
5
3
6
1
6
0
5
0
4
1
3
3
3
4
2
4
1
3
0
1
0
0
1
...
char_T
index_53
4
18
===
2
---
1
0
6
4
6
---
1
2
0
2
6
...
char_U
index_54
4
20
===
1
---
5
0
6
0
1
1
0
3
0
4
1
4
6
...
char_V
index_55
4
14
===
1
---
2
0
6
2
0
4
6
...
char_W
index_56
4
18
===
1
---
4
0
6
0
0
2
3
4
0
4
6
...
char_X
index_57
4
18
===
2
---
1
0
0
4
6
---
1
0
6
4
0
...
char_Y
index_58
4
20
===
2
---
1
2
3
4
6
---
2
0
6
2
3
2
0
...
char_Z
index_59
4
16
===
1
---
3
0
6
4
6
0
0
4
0
...
char_[
index_60
2
16
===
1
---
3
2
6
0
6
0
0
2
0
...
char_\
index_61
4
12
===
1
---
1
0
6
4
0
...
char_]
index_62
2
16
===
1
---
3
0
6
2
6
2
0
0
0
...
char_^
index_63
2
14
===
1
---
2
0
4
1
6
2
4
...
char__
index_64
4
12
===
1
---
1
0
0
4
0
...
char_`
index_65
1
12
===
1
---
1
0
6
1
5
...
char_a
index_66
4
24
===
1
---
7
4
2
1
2
0
1
1
0
4
0
4
3
3
4
1
4
...
char_b
index_67
4
22
===
1
---
6
0
6
0
0
3
0
4
1
4
3
3
4
0
4
...
char_c
index_68
4
24
===
1
---
7
4
3
3
4
1
4
0
3
0
1
1
0
3
0
4
1
...
char_d
index_69
4
22
===
1
---
6
4
6
4
0
1
0
0
1
0
3
1
4
4
4
...
char_e
index_70
4
26
===
1
---
8
3
0
1
0
0
1
0
3
1
4
3
4
4
3
3
2
0
2
...
char_f
index_71
2
20
===
2
---
1
0
3
2
3
---
2
2
6
1
5
1
0
...
char_g
index_72
4
28
===
1
---
9
4
1
1
1
0
2
0
3
1
4
4
4
4
-1
3
-2
1
-2
0
-1
...
char_h
index_73
4
22
===
2
---
3
0
4
3
4
4
3
4
0
---
1
0
6
0
0
...
char_i
index_74
1
16
===
2
---
1
0
0
0
3
---
0
0
5
...
char_j
index_75
1
18
===
2
---
2
1
3
1
-1
0
-2
---
0
1
5
...
char_k
index_76
3
24
===
3
---
1
0
2
3
4
---
1
3
0
1
2
---
1
0
6
0
0
...
char_l
index_77
1
14
===
1
---
2
0
6
0
1
1
0
...
char_m
index_78
4
28
===
2
---
3
2
3
3
4
4
3
4
0
---
4
0
0
0
4
1
4
2
3
2
0
...
char_n
index_79
4
18
===
1
---
4
0
0
0
4
3
4
4
3
4
0
...
char_o
index_80
4
26
===
1
---
8
0
1
0
3
1
4
3
4
4
3
4
1
3
0
1
0
0
1
...
char_p
index_81
4
22
===
1
---
6
0
-2
0
4
3
4
4
3
4
2
3
1
0
1
...
char_q
index_82
4
22
===
1
---
6
4
-2
4
4
1
4
0
3
0
2
1
1
4
1
...
char_r
index_83
3
16
===
1
---
3
0
0
0
3
1
4
3
4
...
char_s
index_84
4
24
===
1
---
7
4
4
1
4
0
3
1
2
3
2
4
1
3
0
0
0
...
char_t
index_85
2
20
===
2
---
2
1
6
1
1
2
0
---
1
0
4
2
4
...
char_u
index_86
4
18
===
1
---
4
0
4
0
1
1
0
4
0
4
4
...
char_v
index_87
4
14
===
1
---
2
0
4
2
0
4
4
...
char_w
index_88
4
18
===
1
---
4
0
4
1
0
2
2
3
0
4
4
...
char_x
index_89
4
18
===
2
---
1
0
0
4
4
---
1
0
4
4
0
...
char_y
index_90
4
26
===
2
---
3
4
4
4
-1
3
-2
0
-2
---
3
0
4
0
2
1
1
4
1
...
char_z
index_91
4
16
===
1
---
3
0
4
4
4
0
0
4
0
...
char_{
index_92
2
22
===
2
---
1
1
3
0
3
---
3
2
6
1
5
1
1
2
0
...
char_|
index_93
1
12
===
1
---
1
0
6
0
0
...
char_}
index_94
2
22
===
2
---
1
1
3
2
3
---
3
0
6
1
5
1
1
0
0
...
char_~
index_95
4
16
===
1
---
3
0
3
1
4
3
2
4
3
...