vol0
-2
-1
-1
5
4
4
1
vol1
-2
3
-1
5
4
4
1
vol2
-2
-5
-1
5
4
4
1
vol3
-2
-5
2
5
4
4
1
vol4
-2
3
2
5
4
4
1
vol5
-2
-1
2
5
4
4
1
vol6
-2
-5
-5
5
4
4
1
vol7
-2
3
-5
5
4
4
1
vol8
-2
-1
-5
5
4
4
1
vol9
3
-1
-5
5
4
4
1
vol10
3
3
-5
5
4
4
1
vol11
3
-5
-5
5
4
4
1
vol12
3
-1
2
5
4
4
1
vol13
3
3
2
5
4
4
1
vol14
3
-5
2
5
4
4
1
vol15
3
-5
-1
5
4
4
1
vol16
3
3
-1
5
4
4
1
vol17
3
-1
-1
5
4
4
1
vol18
8
-1
-1
5
4
4
1
vol19
8
3
-1
5
4
4
1
vol20
8
-5
-1
5
4
4
1
vol21
8
-5
2
5
4
4
1
vol22
8
3
2
5
4
4
1
vol23
8
-1
2
5
4
4
1
vol24
8
-5
-5
5
4
4
1
vol25
8
3
-5
5
4
4
1
vol26
8
-1
-5
5
4
4
1
vol27
-7
-1
-5
5
4
4
1
vol28
-7
3
-5
5
4
4
1
vol29
-7
-5
-5
5
4
4
1
vol30
-7
-1
2
5
4
4
1
vol31
-7
3
2
5
4
4
1
vol32
-7
-5
2
5
4
4
1
vol33
-7
-5
-1
5
4
4
1
vol34
-7
3
-1
5
4
4
1
vol35
-7
-1
-1
5
4
4
1
vol36
-12
-1
-1
5
4
4
1
vol37
-12
3
-1
5
4
4
1
vol38
-12
-5
-1
5
4
4
1
vol39
-12
-5
2
5
4
4
1
vol40
-12
3
2
5
4
4
1
vol41
-12
-1
2
5
4
4
1
vol42
-12
-5
-5
5
4
4
1
vol43
-12
3
-5
5
4
4
1
vol44
-12
-1
-5
5
4
4
1
vol45
-10
7
-9
21
20
20
2
vol46
-10
-25
-9
21
20
20
2
vol47
-10
-9
7
21
20
20
2
vol48
-10
-9
-24
21
20
20
2
vol49
11
-9
-8
21
20
20
2
vol50
-31
-9
-8
21
20
20
2
vol51
32
-9
-8
21
20
20
2
vol52
-52
-9
-8
21
20
20
2
vol53
53
-9
-8
21
20
20
2
vol54
-73
-9
-8
21
20
20
2
vol55
11
-9
-24
21
20
20
2
vol56
11
-9
7
21
20
20
2
vol57
11
-25
-9
21
20
20
2
vol58
11
7
-9
21
20
20
2
vol59
-31
7
-9
21
20
20
2
vol60
-31
-25
-9
21
20
20
2
vol61
-31
-9
7
21
20
20
2
vol62
-10
11
-29
21
20
20
2